Code,Year,population
AD,1986,44593
AD,1987,46976
AD,1988,48451
AD,1989,50528
AD,1990,50887
AD,1991,54507
AD,1992,59048
AD,1993,61599
AD,1994,65226
AD,1995,64311
AD,1996,63859
AD,1997,64479
AD,1998,65306
AD,1999,65877
AD,2000,65971
AD,2001,65844
AD,2002,66334
AD,2003,67159
AD,2004,72320
AD,2005,76875
AD,2006,78549
AD,2007,81222
AD,2008,83137
AD,2009,84484
AD,2010,84082
AD,2011,78115
AD,2012,78115
AD,2013,76246
AD,2019,76177
AL,1977,2485025
AL,1978,2542066
AL,1979,2590466
AL,1980,2645198
AL,1981,2698795
AL,1982,2753316
AL,1983,2815239
AL,1984,2872681
AL,1985,2936177
AL,1986,2993347
AL,1987,3051923
AL,1988,3115286
AL,1989,3169386
AL,1990,3286500
AL,1991,3259814
AL,1992,3190103
AL,1993,3167478
AL,1994,3220310
AL,1995,3248836
AL,1996,3283000
AL,1997,3324317
AL,1998,3354341
AL,1999,3373445
AL,2000,3058497
AL,2001,3063318
AL,2002,3057018
AL,2003,3044993
AL,2004,3034231
AL,2005,3019634
AL,2006,3003329
AL,2007,2981755
AL,2008,2958266
AL,2009,2936355
AL,2010,2918674
AL,2011,2907361
AL,2012,2903008
AL,2013,2897770
AL,2014,2892394
AL,2015,2885796
AL,2016,2875592
AL,2017,2876591
AL,2018,2870324
AL,2019,2862427
AL,2020,2845955
AL,2021,2829741
AL,2022,2793592
AL,2023,2761785
AM,2000,3226900
AM,2001,3215300
AM,2002,3212900
AM,2003,3210300
AM,2004,3212200
AM,2005,3215800
AM,2006,3219234
AM,2007,3222953
AM,2008,3230086
AM,2009,3237976
AM,2010,3249482
AM,2011,3262650
AM,2012,3274285
AM,2015,3010598
AM,2016,2998577
AM,2017,2986151
AM,2018,2972732
AM,2019,2965269
AM,2020,2959694
AM,2021,2963251
AM,2023,2977130
AT,1977,7565561
AT,1978,7571299
AT,1979,7553310
AT,1980,7545539
AT,1981,7553326
AT,1982,7584094
AT,1983,7564185
AT,1984,7559635
AT,1985,7563233
AT,1986,7566736
AT,1987,7572852
AT,1988,7576319
AT,1989,7594315
AT,1990,7644818
AT,1991,7710882
AT,1992,7798899
AT,1993,7882519
AT,1994,7928746
AT,1995,7943489
AT,1996,7953067
AT,1997,7964966
AT,1998,7971116
AT,1999,7982461
AT,2000,8002186
AT,2001,8020946
AT,2002,8063640
AT,2003,8100273
AT,2004,8142573
AT,2005,8201359
AT,2006,8254298
AT,2007,8282984
AT,2008,8307989
AT,2009,8335003
AT,2010,8351643
AT,2011,8375164
AT,2012,8408121
AT,2013,8451860
AT,2014,8507786
AT,2015,8584926
AT,2016,8700471
AT,2017,8772865
AT,2018,8822267
AT,2019,8858775
AT,2020,8901064
AT,2021,8932664
AT,2022,8978929
AT,2023,9104772
AZ,2000,8016200
AZ,2001,8081000
AZ,2002,8141400
AZ,2003,8202500
AZ,2004,8265700
AZ,2005,8347300
AZ,2006,8436400
AZ,2007,8532700
AZ,2008,8629900
AZ,2009,8896900
AZ,2010,8997586
AZ,2011,9111078
AZ,2012,9235085
AZ,2013,9356483
AZ,2014,9477119
AZ,2015,9593038
AZ,2016,9705643
AZ,2017,9809981
AZ,2018,9898085
AZ,2019,9981457
AZ,2020,10067108
AZ,2021,10119133
AZ,2022,10156366
BA,1977,4059247
BA,1978,4110203
BA,1979,4157746
BA,1980,4136941
BA,1981,4114030
BA,1982,4158361
BA,1983,4203208
BA,1984,4248746
BA,1985,4293863
BA,1986,4337350
BA,1987,4379545
BA,1988,4421373
BA,1989,4461498
BA,1990,4499203
BA,1991,4517921
BA,1997,3727439
BA,1998,3549736
BA,2000,3753085
BA,2001,3789717
BA,2002,3813167
BA,2003,3830349
BA,2004,3837414
BA,2005,3842532
BA,2006,3842650
BA,2007,3844017
BA,2008,3843846
BA,2009,3843998
BA,2010,3844046
BA,2011,3843183
BA,2012,3839265
BE,1977,9823302
BE,1978,9837413
BE,1979,9841654
BE,1980,9855110
BE,1981,9863374
BE,1982,9854589
BE,1983,9858017
BE,1984,9853023
BE,1985,9857721
BE,1986,9858895
BE,1987,9864751
BE,1988,9875716
BE,1989,9927612
BE,1990,9947782
BE,1991,9986975
BE,1992,10021997
BE,1993,10068319
BE,1994,10100631
BE,1995,10130574
BE,1996,10143047
BE,1997,10170226
BE,1998,10192264
BE,1999,10213752
BE,2000,10239085
BE,2001,10263414
BE,2002,10309725
BE,2003,10355844
BE,2004,10396421
BE,2005,10445852
BE,2006,10511382
BE,2007,10584534
BE,2008,10666866
BE,2009,10753080
BE,2010,10839905
BE,2011,11000638
BE,2012,11075889
BE,2013,11137974
BE,2014,11180840
BE,2015,11237274
BE,2016,11311117
BE,2017,11351727
BE,2018,11398589
BE,2019,11455519
BE,2020,11522440
BE,2021,11554767
BE,2022,11617623
BE,2023,11742796
BG,1977,8785763
BG,1978,8822602
BG,1979,8805462
BG,1980,8846417
BG,1981,8876652
BG,1982,8905581
BG,1983,8929332
BG,1984,8950144
BG,1985,8971214
BG,1986,8949880
BG,1987,8966462
BG,1988,8976255
BG,1989,8986636
BG,1990,8767308
BG,1991,8669269
BG,1992,8595465
BG,1993,8484863
BG,1994,8459763
BG,1995,8427418
BG,1996,8384715
BG,1997,8340936
BG,1998,8283200
BG,1999,8230371
BG,2000,8190876
BG,2001,8149468
BG,2002,7868815
BG,2003,7805506
BG,2004,7745147
BG,2005,7688573
BG,2006,7629371
BG,2007,7572673
BG,2008,7518002
BG,2009,7467119
BG,2010,7421766
BG,2011,7369431
BG,2012,7327224
BG,2013,7284552
BG,2014,7245677
BG,2015,7202198
BG,2016,7153784
BG,2017,7101859
BG,2018,7050034
BG,2019,7000039
BG,2020,6951482
BG,2021,6916548
BG,2022,6838937
BG,2023,6447710
BY,2000,10019480
BY,2001,9990435
BY,2002,9950941
BY,2003,9898590
BY,2004,9849062
BY,2005,9800073
BY,2006,9750540
BY,2007,9714461
BY,2008,9689770
BY,2009,9671912
BY,2010,9480178
BY,2011,9481193
BY,2012,9465150
BY,2013,9463840
BY,2014,9468154
BY,2015,9480868
BY,2016,9498364
BY,2017,9504704
BY,2018,9491823
BY,2019,9475174
CH,1977,6284029
CH,1978,6278319
CH,1979,6285156
CH,1980,6303573
CH,1981,6335243
CH,1982,6372904
CH,1983,6409713
CH,1984,6427833
CH,1985,6455896
CH,1986,6484834
CH,1987,6523413
CH,1988,6566799
CH,1989,6619973
CH,1990,6673850
CH,1991,6757188
CH,1992,6842768
CH,1993,6907959
CH,1994,6968570
CH,1995,7019019
CH,1996,7062354
CH,1997,7081346
CH,1998,7096465
CH,1999,7123537
CH,2000,7164444
CH,2001,7204055
CH,2002,7255653
CH,2003,7313853
CH,2004,7364148
CH,2005,7415102
CH,2006,7459128
CH,2007,7508739
CH,2008,7593494
CH,2009,7701856
CH,2010,7785806
CH,2011,7870134
CH,2012,7954662
CH,2013,8039060
CH,2014,8139631
CH,2015,8237666
CH,2016,8327126
CH,2017,8419550
CH,2018,8484130
CH,2019,8544527
CH,2020,8606033
CH,2021,8670300
CH,2022,8738791
CH,2023,8815385
CY,1977,497600
CY,1978,498000
CY,1979,501300
CY,1980,505800
CY,1981,512300
CY,1982,522845
CY,1983,524623
CY,1984,531518
CY,1985,538397
CY,1986,544605
CY,1987,550888
CY,1988,556584
CY,1989,562693
CY,1990,572655
CY,1991,587141
CY,1992,603069
CY,1993,619231
CY,1994,632944
CY,1995,645399
CY,1996,656333
CY,1997,666313
CY,1998,675215
CY,1999,682862
CY,2000,690497
CY,2001,697549
CY,2002,705539
CY,2003,713720
CY,2004,722893
CY,2005,733067
CY,2006,744013
CY,2007,757916
CY,2008,776333
CY,2009,796930
CY,2010,819140
CY,2011,839751
CY,2012,862011
CY,2013,865878
CY,2014,858000
CY,2015,847008
CY,2016,848319
CY,2017,854802
CY,2018,864236
CY,2019,875899
CY,2020,888005
CY,2021,896007
CY,2022,904705
CY,2023,920701
CZ,1977,10158327
CZ,1978,10215183
CZ,1979,10269012
CZ,1980,10315669
CZ,1981,10292717
CZ,1982,10308465
CZ,1983,10321186
CZ,1984,10326526
CZ,1985,10333900
CZ,1986,10340335
CZ,1987,10344119
CZ,1988,10350517
CZ,1989,10360034
CZ,1990,10362102
CZ,1991,10304607
CZ,1992,10312548
CZ,1993,10325697
CZ,1994,10334013
CZ,1995,10333161
CZ,1996,10321344
CZ,1997,10309137
CZ,1998,10299125
CZ,1999,10289621
CZ,2000,10278098
CZ,2001,10232027
CZ,2002,10201182
CZ,2003,10192649
CZ,2004,10195347
CZ,2005,10198855
CZ,2006,10223577
CZ,2007,10254233
CZ,2008,10343422
CZ,2009,10425783
CZ,2010,10462088
CZ,2011,10486731
CZ,2012,10505445
CZ,2013,10516125
CZ,2014,10512419
CZ,2015,10538275
CZ,2016,10553843
CZ,2017,10578820
CZ,2018,10610055
CZ,2019,10649800
CZ,2020,10693939
CZ,2021,10494836
CZ,2022,10516707
CZ,2023,10827529
DE_TOT,1977,78209026
DE_TOT,1978,78110602
DE_TOT,1979,78073038
DE_TOT,1980,78179662
DE_TOT,1981,78397490
DE_TOT,1982,78418324
DE_TOT,1983,78248407
DE_TOT,1984,78008156
DE_TOT,1985,77709213
DE_TOT,1986,77660533
DE_TOT,1987,77780338
DE_TOT,1988,77899502
DE_TOT,1989,78389735
DE_TOT,1990,79112831
DE_TOT,1991,79753227
DE_TOT,1992,80274564
DE_TOT,1993,80974632
DE_TOT,1994,81338093
DE_TOT,1995,81538603
DE_TOT,1996,81817499
DE_TOT,1997,82012162
DE_TOT,1998,82057379
DE_TOT,1999,82037011
DE_TOT,2000,82163475
DE_TOT,2001,82259540
DE_TOT,2002,82440309
DE_TOT,2003,82536680
DE_TOT,2004,82531671
DE_TOT,2005,82500849
DE_TOT,2006,82437995
DE_TOT,2007,82314906
DE_TOT,2008,82217837
DE_TOT,2009,82002356
DE_TOT,2010,81802257
DE_TOT,2011,80222065
DE_TOT,2012,80327900
DE_TOT,2013,80523746
DE_TOT,2014,80767463
DE_TOT,2015,81197537
DE_TOT,2016,82175684
DE_TOT,2017,82521653
DE_TOT,2018,82792351
DE_TOT,2019,83019213
DE_TOT,2020,83166711
DE_TOT,2021,83155031
DE_TOT,2022,83237124
DE_TOT,2023,84358845
DK,1977,5079879
DK,1978,5096959
DK,1979,5111537
DK,1980,5122065
DK,1981,5123989
DK,1982,5119155
DK,1983,5116464
DK,1984,5112130
DK,1985,5111108
DK,1986,5116273
DK,1987,5124794
DK,1988,5129254
DK,1989,5129778
DK,1990,5135409
DK,1991,5146469
DK,1992,5162126
DK,1993,5180614
DK,1994,5196642
DK,1995,5215718
DK,1996,5251027
DK,1997,5275121
DK,1998,5294860
DK,1999,5313577
DK,2000,5330020
DK,2001,5349212
DK,2002,5368354
DK,2003,5383507
DK,2004,5397640
DK,2005,5411405
DK,2006,5427459
DK,2007,5447084
DK,2008,5475791
DK,2009,5511451
DK,2010,5534738
DK,2011,5560628
DK,2012,5580516
DK,2013,5602628
DK,2014,5627235
DK,2015,5659715
DK,2016,5707251
DK,2017,5748769
DK,2018,5781190
DK,2019,5806081
DK,2020,5822763
DK,2021,5840045
DK,2022,5873420
DK,2023,5932654
EE,1977,1444522
EE,1978,1455900
EE,1979,1464476
EE,1980,1472190
EE,1981,1482247
EE,1982,1493085
EE,1983,1503743
EE,1984,1513747
EE,1985,1523486
EE,1986,1534076
EE,1987,1546304
EE,1988,1558137
EE,1989,1565662
EE,1990,1570599
EE,1991,1567749
EE,1992,1554878
EE,1993,1511303
EE,1994,1476952
EE,1995,1448075
EE,1996,1425192
EE,1997,1405996
EE,1998,1393074
EE,1999,1379237
EE,2000,1401250
EE,2001,1392720
EE,2002,1383510
EE,2003,1375190
EE,2004,1366250
EE,2005,1358850
EE,2006,1350700
EE,2007,1342920
EE,2008,1338440
EE,2009,1335740
EE,2010,1333290
EE,2011,1329660
EE,2012,1325217
EE,2013,1320174
EE,2014,1315819
EE,2015,1314870
EE,2016,1315944
EE,2017,1315635
EE,2018,1319133
EE,2019,1324820
EE,2020,1328976
EE,2021,1330068
EE,2022,1331796
EE,2023,1365884
EL,1977,9269372
EL,1978,9347586
EL,1979,9512332
EL,1980,9584184
EL,1981,9700826
EL,1982,9757874
EL,1983,9821152
EL,1984,9872102
EL,1985,9919500
EL,1986,9949100
EL,1987,9985326
EL,1988,10015863
EL,1989,10058103
EL,1990,10120892
EL,1991,10272691
EL,1992,10367163
EL,1993,10430958
EL,1994,10489871
EL,1995,10535973
EL,1996,10588332
EL,1997,10629267
EL,1998,10693250
EL,1999,10747768
EL,2000,10775627
EL,2001,10835989
EL,2002,10888274
EL,2003,10915770
EL,2004,10940369
EL,2005,10969912
EL,2006,11004716
EL,2007,11036008
EL,2008,11060937
EL,2009,11094745
EL,2010,11119289
EL,2011,11123392
EL,2012,11086406
EL,2013,11003615
EL,2014,10926807
EL,2015,10858018
EL,2016,10783748
EL,2017,10768193
EL,2018,10741165
EL,2019,10724599
EL,2020,10718565
EL,2021,10678632
EL,2022,10459782
EL,2023,10413982
ES,1977,36329199
ES,1978,36694077
ES,1979,37035719
ES,1980,37346940
ES,1981,37635389
ES,1982,37881873
ES,1983,38090151
ES,1984,38252899
ES,1985,38407829
ES,1986,38531195
ES,1987,38638052
ES,1988,38731578
ES,1989,38802300
ES,1990,38853227
ES,1991,38881416
ES,1992,39051336
ES,1993,39264034
ES,1994,39458489
ES,1995,39639726
ES,1996,39808374
ES,1997,39971329
ES,1998,40143449
ES,1999,40303568
ES,2000,40470182
ES,2001,40665545
ES,2002,41035278
ES,2003,41827838
ES,2004,42547451
ES,2005,43296338
ES,2006,44009971
ES,2007,44784666
ES,2008,45668939
ES,2009,46239273
ES,2010,46486619
ES,2011,46667174
ES,2012,46818219
ES,2013,46727890
ES,2014,46512199
ES,2015,46449565
ES,2016,46440099
ES,2017,46528024
ES,2018,46658447
ES,2019,46937060
ES,2020,47332614
ES,2021,47398695
ES,2022,47432893
ES,2023,48085361
FI,1977,4730836
FI,1978,4746967
FI,1979,4758088
FI,1980,4771292
FI,1981,4787778
FI,1982,4812150
FI,1983,4841715
FI,1984,4869858
FI,1985,4893748
FI,1986,4910664
FI,1987,4925644
FI,1988,4938602
FI,1989,4954359
FI,1990,4974383
FI,1991,4998478
FI,1992,5029002
FI,1993,5054982
FI,1994,5077912
FI,1995,5098754
FI,1996,5116826
FI,1997,5132320
FI,1998,5147349
FI,1999,5159646
FI,2000,5171302
FI,2001,5181115
FI,2002,5194901
FI,2003,5206295
FI,2004,5219732
FI,2005,5236611
FI,2006,5255580
FI,2007,5276955
FI,2008,5300484
FI,2009,5326314
FI,2010,5351427
FI,2011,5375276
FI,2012,5401267
FI,2013,5426674
FI,2014,5451270
FI,2015,5471753
FI,2016,5487308
FI,2017,5503297
FI,2018,5513130
FI,2019,5517919
FI,2020,5525292
FI,2021,5533793
FI,2022,5548241
FI,2023,5563970
FR,1977,52925442
FR,1978,53175309
FR,1979,53428781
FR,1980,53713830
FR,1981,54016749
FR,1982,54319646
FR,1983,54592379
FR,1984,54845980
FR,1985,55108106
FR,1986,55371639
FR,1987,55641541
FR,1988,55911478
FR,1989,56169948
FR,1990,56412897
FR,1991,58313439
FR,1992,58604851
FR,1993,58885929
FR,1994,59104320
FR,1995,59315139
FR,1996,59522297
FR,1997,59726386
FR,1998,59934884
FR,1999,60158533
FR,2000,60545022
FR,2001,60979315
FR,2002,61424036
FR,2003,61864088
FR,2004,62292241
FR,2005,62772870
FR,2006,63229635
FR,2007,63645065
FR,2008,64007193
FR,2009,64350226
FR,2010,64658856
FR,2011,64978721
FR,2012,65276983
FR,2013,65600350
FR,2014,66165980
FR,2015,66458153
FR,2016,66638391
FR,2017,66809816
FR,2018,67026224
FR,2019,67177636
FR,2020,67320216
FR,2021,67656682
FR,2022,67871925
FR,2023,68172977
GE,2000,4435200
GE,2001,4401400
GE,2002,4371500
GE,2003,4352600
GE,2004,4315200
GE,2005,4321500
GE,2006,4401292
GE,2007,4394702
GE,2008,4382070
GE,2009,4385429
GE,2010,4436391
GE,2011,4469250
GE,2012,4497617
GE,2014,4490498
GE,2015,3729500
GE,2016,3720400
GE,2017,3718200
GE,2018,3729633
GE,2019,3723464
GE,2020,3716858
GE,2021,3728573
GE,2022,3688647
GE,2023,3736357
HR,1977,4548432
HR,1978,4570709
HR,1979,4591460
HR,1980,4598095
HR,1981,4601469
HR,1982,4621548
HR,1983,4646921
HR,1984,4669587
HR,1985,4690983
HR,1986,4711852
HR,1987,4731041
HR,1988,4748450
HR,1989,4761965
HR,1990,4772556
HR,1991,4782179
HR,1992,4595865
HR,1993,4555771
HR,1994,4645155
HR,1995,4658893
HR,1996,4581167
HR,1997,4533028
HR,1998,4536812
HR,1999,4527460
HR,2000,4497735
HR,2001,4295406
HR,2002,4305494
HR,2003,4305384
HR,2004,4305725
HR,2005,4310861
HR,2006,4312487
HR,2007,4313530
HR,2008,4311967
HR,2009,4309796
HR,2010,4302847
HR,2011,4289857
HR,2012,4275984
HR,2013,4262140
HR,2014,4246809
HR,2015,4225316
HR,2016,4190669
HR,2017,4154213
HR,2018,4105493
HR,2019,4076246
HR,2020,4058165
HR,2021,4036355
HR,2022,3862305
HR,2023,3850894
HU,1977,10625259
HU,1978,10670802
HU,1979,10698841
HU,1980,10709463
HU,1981,10712781
HU,1982,10710914
HU,1983,10700155
HU,1984,10678770
HU,1985,10657420
HU,1986,10640006
HU,1987,10621121
HU,1988,10604360
HU,1989,10588614
HU,1990,10374823
HU,1991,10373153
HU,1992,10373647
HU,1993,10365035
HU,1994,10350010
HU,1995,10336700
HU,1996,10321229
HU,1997,10301247
HU,1998,10279724
HU,1999,10253416
HU,2000,10221644
HU,2001,10200298
HU,2002,10174853
HU,2003,10142362
HU,2004,10116742
HU,2005,10097549
HU,2006,10076581
HU,2007,10066158
HU,2008,10045401
HU,2009,10030975
HU,2010,10014324
HU,2011,9985722
HU,2012,9931925
HU,2013,9908798
HU,2014,9877365
HU,2015,9855571
HU,2016,9830485
HU,2017,9797561
HU,2018,9778371
HU,2019,9772756
HU,2020,9769526
HU,2021,9730772
HU,2022,9689010
HU,2023,9599744
IE,1977,3260900
IE,1978,3303500
IE,1979,3354700
IE,1980,3392800
IE,1981,3432800
IE,1982,3473200
IE,1983,3498400
IE,1984,3522800
IE,1985,3542046
IE,1986,3534117
IE,1987,3545263
IE,1988,3534850
IE,1989,3515048
IE,1990,3506970
IE,1991,3520977
IE,1992,3547492
IE,1993,3569367
IE,1994,3583154
IE,1995,3597617
IE,1996,3620065
IE,1997,3654955
IE,1998,3693386
IE,1999,3732006
IE,2000,3777565
IE,2001,3832783
IE,2002,3899702
IE,2003,3964191
IE,2004,4028851
IE,2005,4111672
IE,2006,4208156
IE,2007,4340118
IE,2008,4457765
IE,2009,4521322
IE,2010,4549428
IE,2011,4570881
IE,2012,4589287
IE,2013,4609779
IE,2014,4637852
IE,2015,4677627
IE,2016,4726286
IE,2017,4784383
IE,2018,4830392
IE,2019,4904240
IE,2020,4964440
IE,2021,5006324
IE,2022,5060004
IE,2023,5271395
IS,1977,221046
IS,1978,222552
IS,1979,224522
IS,1980,226948
IS,1981,229327
IS,1982,232182
IS,1983,235537
IS,1984,238416
IS,1985,240606
IS,1986,242203
IS,1987,244157
IS,1988,247561
IS,1989,251919
IS,1990,253785
IS,1991,255866
IS,1992,259727
IS,1993,262386
IS,1994,265064
IS,1995,266978
IS,1996,267958
IS,1997,269874
IS,1998,272381
IS,1999,275712
IS,2000,279049
IS,2001,283361
IS,2002,286575
IS,2003,288471
IS,2004,290570
IS,2005,293577
IS,2006,299891
IS,2007,307672
IS,2008,315459
IS,2009,319368
IS,2010,317630
IS,2011,318452
IS,2012,319575
IS,2013,321857
IS,2014,325671
IS,2015,329100
IS,2016,332529
IS,2017,338349
IS,2018,348450
IS,2019,356991
IS,2020,364134
IS,2021,368792
IS,2022,376248
IS,2023,387758
IT,1977,55847553
IT,1978,56063269
IT,1979,56247017
IT,1980,56388480
IT,1981,56479285
IT,1982,56524064
IT,1983,56563031
IT,1984,56565117
IT,1985,56588319
IT,1986,56597823
IT,1987,56594487
IT,1988,56609375
IT,1989,56649201
IT,1990,56694360
IT,1991,56744119
IT,1992,56772923
IT,1993,56821250
IT,1994,56842392
IT,1995,56844408
IT,1996,56844197
IT,1997,56876364
IT,1998,56904379
IT,1999,56909109
IT,2000,56923524
IT,2001,56960692
IT,2002,56987507
IT,2003,57130506
IT,2004,57495900
IT,2005,57874753
IT,2006,58064214
IT,2007,58223744
IT,2008,58652875
IT,2009,59000586
IT,2010,59190143
IT,2011,59364690
IT,2012,59394207
IT,2013,59685227
IT,2014,60782668
IT,2015,60795612
IT,2016,60665551
IT,2017,60589445
IT,2018,60483973
IT,2019,59816673
IT,2020,59641488
IT,2021,59236213
IT,2022,59030133
IT,2023,58997201
LI,1977,24169
LI,1978,24715
LI,1979,25340
LI,1980,25809
LI,1981,25215
LI,1982,26130
LI,1983,26380
LI,1984,26512
LI,1985,26680
LI,1986,27076
LI,1987,27399
LI,1988,27714
LI,1989,28181
LI,1990,28452
LI,1991,29032
LI,1992,29386
LI,1993,29868
LI,1994,30310
LI,1995,30629
LI,1996,30923
LI,1997,31143
LI,1998,31320
LI,1999,32015
LI,2000,32426
LI,2001,32863
LI,2002,33525
LI,2003,33863
LI,2004,34294
LI,2005,34600
LI,2006,34905
LI,2007,35168
LI,2008,35356
LI,2009,35589
LI,2010,35894
LI,2011,36149
LI,2012,36475
LI,2013,36838
LI,2014,37129
LI,2015,37366
LI,2016,37622
LI,2017,37810
LI,2018,38114
LI,2019,38378
LI,2020,38747
LI,2021,39055
LI,2022,39308
LI,2023,39677
LT,1977,3342533
LT,1978,3367538
LT,1979,3391490
LT,1980,3404194
LT,1981,3422210
LT,1982,3443684
LT,1983,3470673
LT,1984,3499711
LT,1985,3528698
LT,1986,3560388
LT,1987,3597439
LT,1988,3635295
LT,1989,3674802
LT,1990,3693708
LT,1991,3701968
LT,1992,3706299
LT,1993,3693929
LT,1994,3671296
LT,1995,3642991
LT,1996,3615212
LT,1997,3588013
LT,1998,3562261
LT,1999,3536401
LT,2000,3512074
LT,2001,3486998
LT,2002,3454637
LT,2003,3431497
LT,2004,3398929
LT,2005,3355220
LT,2006,3289835
LT,2007,3249983
LT,2008,3212605
LT,2009,3183856
LT,2010,3141976
LT,2011,3052588
LT,2012,3003641
LT,2013,2971905
LT,2014,2943472
LT,2015,2921262
LT,2016,2888558
LT,2017,2847904
LT,2018,2808901
LT,2019,2794184
LT,2020,2794090
LT,2021,2795680
LT,2022,2805998
LT,2023,2857279
LU,1977,360962
LU,1978,361753
LU,1979,362261
LU,1980,363450
LU,1981,364850
LU,1982,365600
LU,1983,365450
LU,1984,365794
LU,1985,366202
LU,1986,367210
LU,1987,369500
LU,1988,372000
LU,1989,374900
LU,1990,379300
LU,1991,384400
LU,1992,389600
LU,1993,394750
LU,1994,400200
LU,1995,405650
LU,1996,411600
LU,1997,416850
LU,1998,422050
LU,1999,427350
LU,2000,433600
LU,2001,439000
LU,2002,444050
LU,2003,448300
LU,2004,454960
LU,2005,461230
LU,2006,469086
LU,2007,476187
LU,2008,483799
LU,2009,493500
LU,2010,502066
LU,2011,511840
LU,2012,524853
LU,2013,537039
LU,2014,549680
LU,2015,562958
LU,2016,576249
LU,2017,590667
LU,2018,602005
LU,2019,613894
LU,2020,626108
LU,2021,634730
LU,2022,645397
LU,2023,660809
LV,1977,2477449
LV,1978,2492697
LV,1979,2503145
LV,1980,2508761
LV,1981,2514640
LV,1982,2524202
LV,1983,2537958
LV,1984,2554063
LV,1985,2570030
LV,1986,2587716
LV,1987,2612068
LV,1988,2641097
LV,1989,2665770
LV,1990,2668140
LV,1991,2658161
LV,1992,2643000
LV,1993,2585675
LV,1994,2540904
LV,1995,2500580
LV,1996,2469531
LV,1997,2444912
LV,1998,2420789
LV,1999,2399248
LV,2000,2381715
LV,2001,2353384
LV,2002,2320956
LV,2003,2299390
LV,2004,2276520
LV,2005,2249724
LV,2006,2227874
LV,2007,2208840
LV,2008,2191810
LV,2009,2162834
LV,2010,2120504
LV,2011,2074605
LV,2012,2044813
LV,2013,2023825
LV,2014,2001468
LV,2015,1986096
LV,2016,1968957
LV,2017,1950116
LV,2018,1934379
LV,2019,1919968
LV,2020,1907675
LV,2021,1893223
LV,2022,1875757
LV,2023,1883008
MC,2004,32828
MC,2005,33085
MD,2000,3644070
MD,2001,3635112
MD,2002,3627812
MD,2003,3618312
MD,2004,3607435
MD,2005,3600436
MD,2006,3589936
MD,2007,3581110
MD,2008,3572703
MD,2009,3567512
MD,2010,3563695
MD,2011,3560430
MD,2012,3559541
MD,2013,3559497
MD,2014,3557634
MD,2015,3555159
MD,2017,3550852
MD,2021,2597107
MD,2023,2512758
ME,2000,603152
ME,2001,605988
ME,2002,608460
ME,2003,610510
ME,2004,612214
ME,2005,613420
ME,2006,613109
ME,2007,614624
ME,2008,615543
ME,2009,617157
ME,2010,619001
ME,2011,619850
ME,2012,620308
ME,2013,620893
ME,2014,621521
ME,2015,622099
ME,2016,622218
ME,2017,622387
ME,2018,622359
ME,2019,622182
ME,2020,621873
ME,2021,620739
ME,2022,617683
ME,2023,616695
MK,1977,1797145
MK,1978,1823151
MK,1979,1849388
MK,1980,1878067
MK,1981,1904570
MK,1982,1928856
MK,1983,1954972
MK,1984,1980139
MK,1985,2004709
MK,1986,2029175
MK,1987,2052953
MK,1988,2077056
MK,1989,2100246
MK,1990,1873109
MK,1991,1890872
MK,1992,1908941
MK,1993,2061000
MK,1994,1936741
MK,1995,1957265
MK,1996,1971687
MK,1997,1991398
MK,1998,2002340
MK,1999,2012705
MK,2000,2021578
MK,2001,2031112
MK,2002,2038651
MK,2003,2023654
MK,2004,2029892
MK,2005,2035196
MK,2006,2038514
MK,2007,2041941
MK,2008,2045177
MK,2009,2048619
MK,2010,2052722
MK,2011,2057284
MK,2012,2059794
MK,2013,2062294
MK,2014,2065769
MK,2015,2069172
MK,2016,2071278
MK,2017,2073702
MK,2018,2075301
MK,2019,2077132
MK,2020,2076255
MK,2021,2068808
MK,2022,1837114
MK,2023,1829954
MT,1977,304997
MT,1978,308942
MT,1979,311421
MT,1980,315262
MT,1981,318028
MT,1982,319936
MT,1983,331859
MT,1984,329189
MT,1985,331997
MT,1986,340907
MT,1987,343334
MT,1988,345636
MT,1989,349014
MT,1990,352430
MT,1991,361908
MT,1992,365781
MT,1993,369455
MT,1994,373161
MT,1995,376433
MT,1996,378404
MT,1997,381405
MT,1998,384176
MT,1999,386397
MT,2000,388759
MT,2001,391415
MT,2002,394641
MT,2003,397296
MT,2004,399867
MT,2005,402668
MT,2006,404999
MT,2007,405616
MT,2008,407832
MT,2009,410926
MT,2010,414027
MT,2011,414989
MT,2012,417546
MT,2013,422509
MT,2014,429424
MT,2015,439691
MT,2016,450415
MT,2017,460297
MT,2018,475701
MT,2019,493559
MT,2020,514564
MT,2021,516100
MT,2022,520971
MT,2023,542051
NL,1977,13814495
NL,1978,13897874
NL,1979,13985526
NL,1980,14091014
NL,1981,14208586
NL,1982,14285829
NL,1983,14339551
NL,1984,14394589
NL,1985,14453833
NL,1986,14529430
NL,1987,14615125
NL,1988,14714948
NL,1989,14805240
NL,1990,14892574
NL,1991,15010445
NL,1992,15129150
NL,1993,15239182
NL,1994,15341553
NL,1995,15424122
NL,1996,15493889
NL,1997,15567107
NL,1998,15654192
NL,1999,15760225
NL,2000,15863950
NL,2001,15987075
NL,2002,16105285
NL,2003,16192572
NL,2004,16258032
NL,2005,16305526
NL,2006,16334210
NL,2007,16357992
NL,2008,16405399
NL,2009,16485787
NL,2010,16574989
NL,2011,16655799
NL,2012,16730348
NL,2013,16779575
NL,2014,16829289
NL,2015,16900726
NL,2016,16979120
NL,2017,17081507
NL,2018,17181084
NL,2019,17282163
NL,2020,17407585
NL,2021,17475415
NL,2022,17590672
NL,2023,17811291
NO,1977,4035202
NO,1978,4051208
NO,1979,4066134
NO,1980,4078900
NO,1981,4092340
NO,1982,4107063
NO,1983,4122511
NO,1984,4134353
NO,1985,4145845
NO,1986,4159187
NO,1987,4175521
NO,1988,4198289
NO,1989,4220686
NO,1990,4233116
NO,1991,4249830
NO,1992,4273634
NO,1993,4299167
NO,1994,4324815
NO,1995,4348410
NO,1996,4369957
NO,1997,4392714
NO,1998,4417599
NO,1999,4445329
NO,2000,4478497
NO,2001,4503436
NO,2002,4524066
NO,2003,4552252
NO,2004,4577457
NO,2005,4606363
NO,2006,4640219
NO,2007,4681134
NO,2008,4737171
NO,2009,4799252
NO,2010,4858199
NO,2011,4920305
NO,2012,4985870
NO,2013,5051275
NO,2014,5109056
NO,2015,5165802
NO,2016,5213985
NO,2017,5258317
NO,2018,5295619
NO,2019,5328212
NO,2020,5367580
NO,2021,5391369
NO,2022,5425270
NO,2023,5488984
PL,1977,34527900
PL,1978,34850200
PL,1979,35081000
PL,1980,35413434
PL,1981,35734865
PL,1982,36062309
PL,1983,36398652
PL,1984,36744964
PL,1985,37063303
PL,1986,37340467
PL,1987,37571771
PL,1988,37764318
PL,1989,37884655
PL,1990,38038403
PL,1991,38183160
PL,1992,38309226
PL,1993,38418108
PL,1994,38504707
PL,1995,38580597
PL,1996,38609399
PL,1997,38639341
PL,1998,38659979
PL,1999,38666983
PL,2000,38263303
PL,2001,38253955
PL,2002,38242197
PL,2003,38218531
PL,2004,38190608
PL,2005,38173835
PL,2006,38157055
PL,2007,38125479
PL,2008,38115641
PL,2009,38135876
PL,2010,38022869
PL,2011,38062718
PL,2012,38063792
PL,2013,38062535
PL,2014,38017856
PL,2015,38005614
PL,2016,37967209
PL,2017,37972964
PL,2018,37976687
PL,2019,37972812
PL,2020,37958138
PL,2021,37073357
PL,2022,36889761
PL,2023,36753736
PT,1977,9403810
PT,1978,9507540
PT,1979,9608960
PT,1980,9713570
PT,1981,9819054
PT,1982,9883670
PT,1983,9939871
PT,1984,9975859
PT,1985,10016605
PT,1986,10030621
PT,1987,10034846
PT,1988,10025215
PT,1989,10014005
PT,1990,9995995
PT,1991,9970441
PT,1992,9950029
PT,1993,9954958
PT,1994,9974391
PT,1995,10008659
PT,1996,10043693
PT,1997,10084196
PT,1998,10133758
PT,1999,10186634
PT,2000,10249022
PT,2001,10330774
PT,2002,10394669
PT,2003,10444592
PT,2004,10473050
PT,2005,10494672
PT,2006,10511988
PT,2007,10532588
PT,2008,10553339
PT,2009,10563014
PT,2010,10573479
PT,2011,10572721
PT,2012,10542398
PT,2013,10487289
PT,2014,10427301
PT,2015,10374822
PT,2016,10341330
PT,2017,10309573
PT,2018,10291027
PT,2019,10276617
PT,2020,10295909
PT,2021,10298252
PT,2022,10352042
PT,2023,10467366
RO,1977,21657569
RO,1978,21854622
RO,1979,22048305
RO,1980,22132670
RO,1981,22281894
RO,1982,22424246
RO,1983,22527235
RO,1984,22593720
RO,1985,22687374
RO,1986,22778624
RO,1987,22895058
RO,1988,23003802
RO,1989,23111521
RO,1990,23211395
RO,1991,23192274
RO,1992,22810035
RO,1993,22778533
RO,1994,22748027
RO,1995,22712394
RO,1996,22656145
RO,1997,22581862
RO,1998,22526093
RO,1999,22488595
RO,2000,22455485
RO,2001,22430457
RO,2002,21833483
RO,2003,21627509
RO,2004,21521142
RO,2005,21382354
RO,2006,21257016
RO,2007,21130503
RO,2008,20635460
RO,2009,20440290
RO,2010,20294683
RO,2011,20199059
RO,2012,20095996
RO,2013,20020074
RO,2014,19947311
RO,2015,19870647
RO,2016,19760585
RO,2017,19643949
RO,2018,19533481
RO,2019,19414458
RO,2020,19328838
RO,2021,19201662
RO,2022,19042455
RO,2023,19054548
RS,1999,7552850
RS,2000,7527952
RS,2001,7504739
RS,2002,7502126
RS,2003,7490918
RS,2004,7470263
RS,2005,7456050
RS,2006,7425487
RS,2007,7397651
RS,2008,7365507
RS,2009,7334937
RS,2010,7306677
RS,2011,7251549
RS,2012,7216649
RS,2013,7181505
RS,2014,7146759
RS,2015,7114393
RS,2016,7076372
RS,2017,7040272
RS,2018,7001444
RS,2019,6963764
RS,2020,6926705
RS,2021,6871547
RS,2022,6797105
RS,2023,6641197
RU,2000,146890128
RU,2001,146303611
RU,2002,145649334
RU,2003,145166731
RU,2004,144168205
RU,2005,143474219
RU,2006,142753551
RU,2007,142220968
RU,2008,142008838
RU,2009,141903979
RU,2010,141914509
RU,2011,142856536
RU,2012,143056383
RU,2014,143666931
SE,1977,8236144
SE,1978,8266936
SE,1979,8284261
SE,1980,8303094
SE,1981,8317967
SE,1982,8323038
SE,1983,8327488
SE,1984,8330577
SE,1985,8342633
SE,1986,8358139
SE,1987,8381519
SE,1988,8414089
SE,1989,8458888
SE,1990,8527039
SE,1991,8590630
SE,1992,8644120
SE,1993,8692013
SE,1994,8745109
SE,1995,8816381
SE,1996,8837496
SE,1997,8844499
SE,1998,8847625
SE,1999,8854322
SE,2000,8861426
SE,2001,8882792
SE,2002,8909128
SE,2003,8940788
SE,2004,8975670
SE,2005,9011392
SE,2006,9047752
SE,2007,9113257
SE,2008,9182927
SE,2009,9256347
SE,2010,9340682
SE,2011,9415570
SE,2012,9482855
SE,2013,9555893
SE,2014,9644864
SE,2015,9747355
SE,2016,9851017
SE,2017,9995153
SE,2018,10120242
SE,2019,10230185
SE,2020,10327589
SE,2021,10379295
SE,2022,10452326
SE,2023,10521556
SI,1977,1831790
SI,1978,1852963
SI,1979,1872133
SI,1980,1893064
SI,1981,1909566
SI,1982,1903495
SI,1983,1917173
SI,1984,1927469
SI,1985,1936839
SI,1986,1946442
SI,1987,1985486
SI,1988,1994066
SI,1989,1996325
SI,1990,1996377
SI,1991,1999945
SI,1992,1998912
SI,1993,1994084
SI,1994,1989408
SI,1995,1989477
SI,1996,1990266
SI,1997,1986989
SI,1998,1984923
SI,1999,1978334
SI,2000,1987755
SI,2001,1990094
SI,2002,1994026
SI,2003,1995033
SI,2004,1996433
SI,2005,1997590
SI,2006,2003358
SI,2007,2010377
SI,2008,2010269
SI,2009,2032362
SI,2010,2046976
SI,2011,2050189
SI,2012,2055496
SI,2013,2058821
SI,2014,2061085
SI,2015,2062874
SI,2016,2064188
SI,2017,2065895
SI,2018,2066880
SI,2019,2080908
SI,2020,2095861
SI,2021,2108977
SI,2022,2107180
SI,2023,2116972
SK,1977,4815396
SK,1978,4865605
SK,1979,4914644
SK,1980,4963301
SK,1981,4996329
SK,1982,5035881
SK,1983,5074316
SK,1984,5109626
SK,1985,5144568
SK,1986,5178967
SK,1987,5208708
SK,1988,5236972
SK,1989,5264220
SK,1990,5287663
SK,1991,5310711
SK,1992,5295877
SK,1993,5314155
SK,1994,5336455
SK,1995,5356207
SK,1996,5367790
SK,1997,5378932
SK,1998,5387650
SK,1999,5393382
SK,2000,5398657
SK,2001,5378783
SK,2002,5378951
SK,2003,5374873
SK,2004,5371875
SK,2005,5372685
SK,2006,5372928
SK,2007,5373180
SK,2008,5376064
SK,2009,5382401
SK,2010,5390410
SK,2011,5392446
SK,2012,5404322
SK,2013,5410836
SK,2014,5415949
SK,2015,5421349
SK,2016,5426252
SK,2017,5435343
SK,2018,5443120
SK,2019,5450421
SK,2020,5457873
SK,2021,5459781
SK,2022,5434712
SK,2023,5428792
SM,2004,29241
SM,2005,29673
SM,2006,29999
SM,2007,30368
SM,2008,32054
SM,2009,31269
SM,2011,31863
SM,2012,33376
SM,2013,33562
SM,2018,34453
TR,1977,41102443
TR,1978,41996129
TR,1979,42967253
TR,1980,44021146
TR,1981,45023450
TR,1982,46085508
TR,1983,47210448
TR,1984,48401689
TR,1985,49662958
TR,1986,50695548
TR,1987,51791212
TR,1988,52953586
TR,1989,54186642
TR,1990,55494711
TR,1991,56714051
TR,1992,57835076
TR,1993,58958565
TR,1994,60079060
TR,1995,61203584
TR,1996,62337617
TR,1997,63484661
TR,1998,64641675
TR,1999,65786563
TR,2000,66889425
TR,2001,64729501
TR,2002,65603160
TR,2003,66401851
TR,2004,67187251
TR,2005,68010221
TR,2006,68860539
TR,2007,69729967
TR,2008,70586256
TR,2009,71517100
TR,2010,72561312
TR,2011,73722988
TR,2012,74724269
TR,2013,75627384
TR,2014,76667864
TR,2015,77695904
TR,2016,78741053
TR,2017,79814871
TR,2018,80810525
TR,2019,82003882
TR,2020,83154997
TR,2021,83614362
TR,2022,84680273
TR,2023,85279553
UA,2000,49114950
UA,2001,48663609
UA,2002,48240902
UA,2003,47823108
UA,2004,47442079
UA,2005,47100462
UA,2006,46749170
UA,2007,46465691
UA,2008,46192309
UA,2009,45963359
UA,2010,45782592
UA,2011,45598179
UA,2012,45453282
UA,2013,45372692
UA,2014,45245894
UA,2015,42759661
UA,2016,42590879
UA,2017,42414905
UA,2018,42216766
UA,2019,41983564
UA,2020,41732779
UA,2021,41418717
UA,2022,40997698
UK,1977,56203016
UK,1978,56183968
UK,1979,56209039
UK,1980,56284863
UK,1981,56343569
UK,1982,56324088
UK,1983,56303194
UK,1984,56362502
UK,1985,56481641
UK,1986,56618895
UK,1987,56743897
UK,1988,56860203
UK,1989,56996450
UK,1990,57156972
UK,1991,57338199
UK,1992,57511594
UK,1993,57649210
UK,1994,57788017
UK,1995,57943472
UK,1996,58094587
UK,1997,58239312
UK,1998,58394596
UK,1999,58579685
UK,2000,58785246
UK,2001,58999781
UK,2002,59239564
UK,2003,59501394
UK,2004,59793759
UK,2005,60182050
UK,2006,60620361
UK,2007,61073279
UK,2008,61571647
UK,2009,62042343
UK,2010,62510197
UK,2011,63022532
UK,2012,63495088
UK,2013,63905342
UK,2014,64351203
UK,2015,64853393
UK,2016,65379044
UK,2017,65844142
UK,2018,66273576
UK,2019,66647112
UK,2020,67025542
XK,2003,1985000
XK,2004,2016000
XK,2005,2041000
XK,2006,2100000
XK,2007,2126708
XK,2008,2153139
XK,2009,2180686
XK,2010,2208107
XK,2011,1794180
XK,2012,
XK,2016,1771604
XK,2017,1783531
XK,2018,1798506
XK,2019,1795666
XK,2020,1782115
XK,2021,1798186
XK,2022,1773971
